36.99386,-122.06399
36.99407,-122.06463
36.9939,-122.06414
36.99367,-122.06379
36.99357,-122.06474
36.99449,-122.06466
36.99406,-122.06465
36.99362,-122.06497
36.99377,-122.06495
36.99449,-122.0646
36.99449,-122.06469
36.99398,-122.06465
36.99403,-122.06467
36.99438,-122.06485
36.99423,-122.06474
36.99356,-122.06463
36.99448,-122.06475
36.99394,-122.06428
36.99412,-122.0645
36.99444,-122.06482
36.99385,-122.06397
36.99437,-122.06485
36.99379,-122.06456
36.99424,-122.06463
36.99369,-122.06497
36.99446,-122.0648
36.99358,-122.0646
36.99385,-122.06394
36.99409,-122.06488
36.99424,-122.06454
36.99447,-122.06477
36.99382,-122.06456
36.99421,-122.06485
36.99448,-122.06452
36.99419,-122.06486
36.99379,-122.06373
36.99397,-122.06464
36.99435,-122.06486
36.99431,-122.06485
36.99397,-122.0644
36.99356,-122.06462
36.99363,-122.06498
36.9942508,-122.0648041
36.99404,-122.06466
36.99401,-122.06467
36.99424,-122.06477
36.99402,-122.06444
36.99439,-122.06453
36.99384,-122.06391
36.99386,-122.06458
36.99423,-122.06469
36.99449,-122.06473
36.99442,-122.06483
36.99356,-122.06461
36.99424,-122.06475
36.99399,-122.06466
36.99363,-122.06459
36.99357,-122.0646
36.99364,-122.06498
36.99425,-122.0648
36.99402,-122.06467
36.99368,-122.06458
36.9943,-122.06454
36.9936661,-122.0637894
36.99429,-122.06484
36.99381,-122.06456
36.99428,-122.06483
36.99357,-122.06461
36.99356,-122.06466
36.99361,-122.06496
36.99373,-122.06457
36.9944,-122.06484
36.99382,-122.06383
36.99565,-122.06548
36.99561,-122.06575
36.99505,-122.06619
36.99545,-122.06597
36.99537,-122.06605
36.99529,-122.06513
36.99459,-122.06451
36.99549,-122.06539
36.99549,-122.06594
36.99539,-122.06602
36.99539,-122.06603
36.99485,-122.06455
36.99524,-122.06485
36.99562,-122.06571
36.99527,-122.06499
36.99536,-122.06606
36.99418,-122.06452
36.99493,-122.0662
36.99557,-122.06546
36.99523,-122.06613
36.9945448,-122.0660966
36.9941154,-122.0644968
36.9956,-122.06578
36.99562,-122.06573
36.99454,-122.0661
36.99518,-122.06615
36.99519,-122.06474
36.99563,-122.06568
36.99469,-122.06451
36.99521,-122.06477
36.99478,-122.06618
36.99472,-122.06616
36.99489,-122.0662
36.99539,-122.06529
36.99545,-122.06535
36.99512,-122.06617
36.99531,-122.06518
36.99563,-122.0657
36.9954,-122.06602
36.99525,-122.06612
36.99466,-122.06614
36.99516,-122.06469
36.99483,-122.06619
36.99498,-122.0662
36.99557,-122.06584
36.99482,-122.06619
36.99481,-122.06619
36.99538,-122.06604
36.99519,-122.06473
36.99553,-122.06543
36.99506,-122.06461
36.99675,-122.06553
36.99651,-122.06545
36.99657,-122.06545
36.9969,-122.06572
36.99695,-122.06619
36.9969,-122.06575
36.99685,-122.06563
36.9967,-122.0655
36.99595,-122.0655
36.99584,-122.0655
36.99665,-122.06547
36.99644,-122.06546
36.9956483,-122.0654777
36.99692,-122.06582
36.9968,-122.06557
36.99638,-122.06546
36.99627,-122.06548
36.99607,-122.06551
36.99694,-122.0659
36.9969492,-122.0661883
36.99695,-122.06615
36.99661,-122.06546
36.99588,-122.0655
36.9969,-122.06574
37.00178,-122.06595
36.99699,-122.06664
36.99691,-122.0672
37.00051,-122.06551
36.99904,-122.06637
36.99691,-122.06717
37.0005,-122.06558
37.00205,-122.06559
37.00158,-122.06543
36.99837,-122.06674
36.99817,-122.06686
37.0012,-122.06537
36.9991,-122.06665
37.00043,-122.0658
36.9996,-122.06673
36.99698,-122.0666
37.00198,-122.06577
36.99695,-122.06724
37.00187,-122.06592
36.99697,-122.06724
37.00033,-122.06603
37.00055,-122.06538
36.99751,-122.06711
37.00143,-122.06549
36.99723,-122.06741
37.00149,-122.06548
37.00162,-122.06605
36.9971,-122.06723
36.9982,-122.06684
36.99828,-122.06679
36.99908,-122.06664
36.99962,-122.06673
37.00099,-122.06518
37.00179,-122.06595
36.99805,-122.06696
37.00028,-122.06613
37.00189,-122.0659
36.99836,-122.06675
36.99996,-122.06656
37.00058,-122.06533
37.00135,-122.06547
36.99923,-122.0665
36.99926,-122.06667
36.999,-122.06663
37.00051,-122.06552
37.00049,-122.0656
37.00173,-122.06598
37.00157,-122.06609
36.99755,-122.06713
36.99759,-122.06715
36.99691,-122.06718
37.00182,-122.06594
37.00054,-122.06541
37.00201,-122.06571
36.9979,-122.06709
36.99897,-122.06663
36.997,-122.06667
36.99856,-122.06666
37.00101,-122.06519
36.9997,-122.06672
37.00171,-122.06599
36.99791,-122.06708
36.99879,-122.0666
37.00035,-122.06599
37.00144,-122.06548
36.99768,-122.06715
37.00153,-122.06546
37.00166,-122.06534
37.00154,-122.06613
36.99711,-122.06681
37.0002,-122.06626
37.00067,-122.0652
37.00053,-122.06546
36.99775,-122.06715
37.00186,-122.06539
36.99704,-122.06674
37.00152,-122.06614
36.99864,-122.06663
36.99882,-122.06661
37.00012,-122.06638
37.00071,-122.06517
36.99985,-122.06664
36.9992,-122.06647
36.99846,-122.0667
36.99692,-122.06713
36.99727,-122.06696
37.0015219,-122.0661432
36.99743,-122.06707
37.00191,-122.06589
36.99984,-122.06665
37.00077,-122.06515
37.00131,-122.06545
37.00161,-122.06606
37.00193,-122.06586
36.99709,-122.06724
37.00006,-122.06645
37.00122,-122.06539
37.0003,-122.0661
36.99694,-122.06627
37.00192,-122.06587
36.99695,-122.0664
37.00138,-122.06548
36.99693,-122.06722
37.00172,-122.06523
37.00163,-122.06537
37.00086,-122.06515
36.99806,-122.06695
36.99734,-122.06723
37.00084,-122.06515
37.00045,-122.06573
36.99691,-122.06721
36.99927,-122.06659
37.0004,-122.06587
36.99784,-122.06713
37.00081,-122.06515
36.9989,-122.06662
37.00195,-122.06582
37.0006,-122.06527
37.00049,-122.06563
36.99706,-122.06724
36.99925,-122.06654
37.00177,-122.06596
37.0005237,-122.0654701
36.999438,-122.0666996
37.00052,-122.06547
36.99944,-122.0667
37.00127,-122.05894
37.00035,-122.05725
37.00129,-122.05903
37.00007,-122.05716
37.00059,-122.05892
37.00127,-122.05896
37.0012,-122.05916
37.00122,-122.05896
37.00038,-122.05727
37.00161,-122.05784
37.00137,-122.05855
37.00062,-122.05738
37.00083,-122.05737
37.00008,-122.05873
37.00176,-122.05794
37.00138,-122.05776
37.00148,-122.05806
37.00129,-122.05888
37.00128,-122.05912
37.00127,-122.05916
37.00054,-122.05735
37.00129,-122.05815
37.00173,-122.05794
37.00157,-122.05784
37.0000728,-122.0571645
37.00124,-122.05896
37.00136,-122.05854
37.00188,-122.05784
37.00138,-122.0587
37.00104,-122.05734
37.00134,-122.05876
37.00176,-122.05768
37.00165,-122.05787
37.0014,-122.05867
37.00036,-122.05896
37.00183,-122.05768
37.00094,-122.05896
37.00109,-122.05904
37.00043,-122.05729
37.00066,-122.05891
37.00077,-122.05738
37.00177,-122.05767
37.00129,-122.05907
36.99982,-122.05857
37.00079,-122.05892
37.00097,-122.05735
37.00053,-122.05893
37.00153,-122.05797
37.00118,-122.05898
37.00049,-122.05894
37.00109,-122.05735
37.00175,-122.05768
37.0012,-122.05742
37.00126,-122.05922
37.00012,-122.05878
37.00115,-122.05738
37.00185,-122.05789
37.00136,-122.05873
37.00025,-122.05889
37.00125,-122.05896
37.00189,-122.05781
37.00128,-122.05898
37.00016,-122.05883
36.9998243,-122.0585681
37.0018,-122.05767
37.00141,-122.05778
37.00127,-122.05753
37.0014,-122.05777
37.00135,-122.05852
37.00138,-122.05856
37.00124,-122.0582
37.00128,-122.05816
37.00122,-122.05824
37.00103,-122.05901
37.00059,-122.05737
37.00112,-122.05736
37.00021,-122.05721
37.00139,-122.05869
37.00009,-122.05874
37.00006,-122.05869
37.0017,-122.05773
37.00174,-122.05794
37.00019,-122.05886
37.0013,-122.05847
37.00173,-122.05769
37.00155,-122.05788
37.00144,-122.05808
37.00131,-122.05813
37.00189,-122.05778
37.00154,-122.05793
37.00122,-122.05829
37.0014,-122.05861
37.00129,-122.05901
37.00123,-122.05822
37.00122,-122.05832
36.99995,-122.0586
37.00134,-122.05811
37.0015,-122.05805
37.00128,-122.05757
37.0014,-122.05864
36.99998,-122.05862
37.00125,-122.05749
37.00133,-122.05851
37.00022,-122.05887
37.00041,-122.05728
37.00025,-122.05722
37.00003,-122.05865
37.00007,-122.0587
37.00152,-122.05802
37.00179,-122.05793
37.00128,-122.05899
37.00135,-122.05772
37.00184,-122.05769
37.00187,-122.05772
37.00066,-122.05738
37.0007,-122.05739
37.00001,-122.05863
37.00123,-122.05896
37.00171,-122.05792
36.99993,-122.05859
37.00189,-122.05776
37.00187,-122.05787
37.00122,-122.05826
37.00057,-122.05736
37.00138,-122.0581
37.00145,-122.05808
37.00146,-122.05807
37.00182,-122.05791
37.00131,-122.05883
37.00046,-122.05895
37.00167,-122.05789
37.00058,-122.05737
37.0008,-122.06085
37.00129,-122.06313
37.00067,-122.06391
37.00081,-122.06088
37.00137,-122.06308
37.00105,-122.06111
37.00109,-122.06116
37.00151,-122.06213
37.00143,-122.06233
37.00007,-122.06398
37.0003,-122.06068
37.00164,-122.06239
36.99997,-122.06399
37.00149,-122.06219
37.00036,-122.06401
37.00073,-122.06066
37.00128,-122.06335
37.00111,-122.06382
37.00124,-122.06365
37.00127,-122.0634
37.00135,-122.06291
37.00029,-122.06068
37.00117,-122.06391
36.99996,-122.06399
37.00098,-122.06104
37.00116,-122.062
37.00069,-122.06389
37.00112,-122.06127
37.00118,-122.06389
37.00112,-122.06381
37.0008,-122.06087
37.00108,-122.06385
37.00166,-122.0622
37.00148,-122.06264
37.0011,-122.06392
37.00129,-122.06323
37.00109,-122.06384
37.00158,-122.06214
37.00113,-122.06379
37.0014,-122.06238
37.00136,-122.06243
37.00078,-122.06069
37.00015,-122.06396
37.00137,-122.06187
37.0015,-122.06195
37.00167,-122.06229
37.00084,-122.06092
37.00125,-122.0637
37.00019,-122.0607
37.00035,-122.06422
36.9998,-122.06394
37.00036,-122.06392
37.00131,-122.0627
37.00133,-122.06183
37.00146,-122.06193
37.00128,-122.06213
37.00103,-122.06388
37.00144,-122.06231
37.00139,-122.06269
37.00153,-122.06213
37.00081,-122.06079
37.00146,-122.06226
37.00125,-122.06372
37.00134,-122.06311
37.0016,-122.06247
37.00131,-122.06247
37.00124,-122.06375
37.00083,-122.06091
37.00102,-122.06109
37.00075,-122.06067
36.9994693,-122.0637857
37.0003524,-122.0642186
37.00137,-122.06296
37.00065,-122.06065
37.00125,-122.06367
37.00135,-122.06311
37.00125,-122.06369
37.00137,-122.06294
37.00111,-122.06122
37.00087,-122.06388
37.00063,-122.06065
36.99963,-122.06386
37.00167,-122.06227
36.99987,-122.06398
37.00055,-122.06401
37.00088,-122.06095
37.0013,-122.06289
37.00162,-122.06216
37.00051,-122.06402
37.00075,-122.06388
37.00125,-122.06373
37.00123,-122.06171
37.00114,-122.06377
37.0008,-122.06082
36.99992,-122.06399
37.00132,-122.06312
37.00124,-122.06367
37.00142,-122.06268
37.00113,-122.06196
36.99998,-122.06399
37.00167,-122.06223
37.00138,-122.06303
37.00131,-122.06222
37.00114,-122.06392
37.00081,-122.06077
37.00129,-122.06179
37.0013,-122.06217
37.00135,-122.06184
37.00132,-122.06289
37.00002,-122.06399
37.00054,-122.06401
37.00127,-122.06342
37.00047,-122.06064
37.00145,-122.06266
37.00115,-122.06391
37.00166,-122.06234
37.00077,-122.06068
37.0012,-122.06361
37.0016,-122.06214
36.99947,-122.06379
37.00071,-122.06388
37.00114,-122.06136
37.00012,-122.06396
37.00112,-122.06392
37.00126,-122.06174
37.00136,-122.06309
37.00116,-122.0615
37.0008,-122.06074
36.9997,-122.0639
37.00167,-122.06225
37.00134,-122.0629
37.00165,-122.06218
37.00058,-122.06399
37.00136,-122.06292
37.00119,-122.0616
37.00079,-122.0607
37.0001949,-122.0607016
37.0025,-122.0585
37.00195,-122.05931
37.00158,-122.05958
37.00151,-122.05956
37.0028328,-122.0580236
37.00293,-122.05815
37.00217,-122.05863
37.00222,-122.05853
37.00262,-122.05852
37.00272,-122.05852
37.00163,-122.05959
37.00218,-122.05858
37.00197,-122.05928
37.00295,-122.05825
37.00229,-122.05848
37.00295,-122.05828
37.00287,-122.05807
37.00191,-122.0594
37.0029,-122.05811
37.00172,-122.05956
37.00212,-122.05881
37.00149,-122.05955
37.00145,-122.05934
37.00208,-122.05905
37.00241,-122.05846
37.00197,-122.05924
37.00187,-122.05947
37.00209,-122.05902
37.0014477,-122.0593406
37.00294,-122.05832
37.00253,-122.05853
37.00294,-122.0582
37.00247,-122.05848
37.00183,-122.05951
37.00145,-122.05946
37.00283,-122.05802
37.00238,-122.05846
37.00234,-122.05846
37.00291,-122.05847
37.00236,-122.05846
37.00203,-122.05911
37.00214,-122.0587
37.0028,-122.0585
37.00188,-122.05946
37.00271,-122.05852
37.00195,-122.05919
37.00295,-122.05824
37.00208,-122.05903
37.00243,-122.05846
37.0021,-122.05898
37.0022,-122.05855
37.00147,-122.05953
37.00155,-122.05838
37.00154,-122.05832
37.00035,-122.05834
37.00058,-122.05801
37.00153,-122.05828
37.00065,-122.05803
37.00141,-122.05713
37.00042,-122.05814
37.00153,-122.0583
37.00089,-122.05807
37.00137,-122.05791
37.0017551,-122.0576754
37.00096,-122.05814
37.00139,-122.05786
37.0006,-122.05802
37.00037,-122.05825
37.00172,-122.0576
37.0015,-122.0572
37.00156,-122.0574
37.00152,-122.05853
37.0004576,-122.0584209
37.00153,-122.05733
37.00153,-122.0573
37.00126,-122.05717
37.00042,-122.05813
37.00123,-122.0572
37.00152,-122.05728
37.00089,-122.05808
37.00149,-122.05718
37.00133,-122.05713
37.00056,-122.058
37.00132,-122.05804
37.00155,-122.05836
37.0011,-122.05823
37.0013,-122.05894
37.00132,-122.05893
37.00143,-122.05713
37.00046,-122.05806
37.00104,-122.0582
37.00145,-122.05714
37.00166,-122.05752
37.00148,-122.05716
37.00136,-122.05887
37.00078,-122.05805
37.00154,-122.05849
37.00083,-122.05805
37.00073,-122.05804
37.00155,-122.05739
37.00155,-122.05737
37.00118,-122.05731
37.00046,-122.05842
37.00159,-122.05743
37.00072,-122.05804
37.00147,-122.05715
37.00135,-122.0589
37.0014,-122.05781
37.00129,-122.05894
37.00139,-122.05881
37.00055,-122.05798
37.00138,-122.05712
37.00131,-122.05894
37.00155,-122.05843
37.00093,-122.05811
37.001,-122.05817
37.00146,-122.05715
37.00153,-122.05851
37.00129,-122.05715
37.0012,-122.05725
37.0003135,-122.0584898
37.00054,-122.05758
37.00005,-122.05837
37.00052,-122.05764
37.0001,-122.05797
37.00009,-122.0581
37.00038,-122.05772
37.00052,-122.05757
37.00049,-122.0576
36.99999,-122.05851
37.00032,-122.05846
37.00036,-122.05774
37.00004,-122.05841
37.00004,-122.05842
36.999934,-122.0585927
37.00014,-122.05787
37.00055,-122.05755
37.00001,-122.05848
37.00008,-122.05819
37.00006,-122.0583
37.00027,-122.05777
37.00056,-122.05754
37.00054,-122.05796
37.00052,-122.05789
37.00035,-122.05835
37.00051,-122.05783
37.00032,-122.05844
37.00051,-122.05776
37.00031,-122.05849
37.00009,-122.05804
37.0001,-122.05796
37.00044,-122.05766
37.00008,-122.05816
37.00022,-122.05779
36.99997,-122.05853
37.00051,-122.05769
37.00053,-122.05793
37.00011,-122.05792
37.00018,-122.05782
37.00235,-122.06583
37.00269,-122.06596
37.00003,-122.06426
36.99964,-122.06439
37.00016,-122.06423
37.00274,-122.06597
37.00082,-122.06437
37.00242,-122.06586
37.00023,-122.06422
37.00116,-122.06467
37.00219,-122.06572
37.00323,-122.06596
36.99992,-122.06429
37.0006,-122.06427
37.00263,-122.06595
37.00064,-122.06428
37.0033,-122.06594
37.00029,-122.06422
37.00044,-122.06423
36.9993786,-122.0644423
36.99938,-122.06444
37.00076,-122.06433
37.00139,-122.0649
37.00305,-122.06598
36.99949,-122.06443
37.0033005,-122.0659438
37.0027,-122.06596
37.00074,-122.06432
37.00217,-122.06571
37.00059,-122.06426
37.0001,-122.06424
37.00252,-122.06591
37.00287,-122.06598
37.00231,-122.0658
37.00293,-122.06599
37.00314,-122.06597
37.00055,-122.06426
37.00144,-122.06495
36.99979,-122.06433
37.0013,-122.06481
37.00092,-122.06444
37.00106,-122.06457
37.00077,-122.06433
37.00158,-122.06509
37.00069,-122.06197
37.00026,-122.06196
37.00028,-122.06198
37.00065,-122.06196
37.00017,-122.0619
37.00076,-122.06208
37.00062,-122.06197
37.00043,-122.06215
37.00058,-122.062
37.00054,-122.06208
37.00053,-122.06212
37.00061,-122.06197
37.00068,-122.06222
37.0000728,-122.0618441
37.0007,-122.06221
37.00055,-122.06219
37.00038,-122.06212
37.00075,-122.06201
37.00035,-122.0621
37.00071,-122.06197
37.00072,-122.06219
37.00065,-122.06223
37.00047,-122.06215
37.0005352,-122.062156
37.0003,-122.06202
37.00074,-122.06215
37.00057,-122.06221
37.00059,-122.06222
37.00076,-122.0621
37.00055,-122.06205
37.00033,-122.06206
37.00024,-122.06195
37.00021,-122.06193
37.00007,-122.06184
37.00054,-122.06216
37.00073,-122.06198
37.00062,-122.06223
37.0006,-122.06198
37.00074,-122.062
37.00076,-122.06203
37.00076,-122.06205
37.00325,-122.05882
37.00136,-122.05932
37.00326,-122.05912
37.00323,-122.05871
37.0032,-122.05861
37.00149,-122.05934
37.00312,-122.05854
37.0032623,-122.0591216
37.00163,-122.05932
37.00155,-122.05933
37.00326,-122.05889
37.0012612,-122.0592177
37.00304,-122.05849
37.00316,-122.05857
37.00325,-122.05881
37.00326,-122.05905
37.00309,-122.05852
37.00144,-122.05934
37.00326,-122.05896
37.00301,-122.05849
37.00097,-122.05394
37.00106,-122.05526
37.00113,-122.05428
37.00223,-122.05454
37.00111,-122.05457
37.00142,-122.05521
37.00056,-122.05487
37.00044,-122.0548
37.00229,-122.05498
37.00219,-122.05439
37.00213,-122.05434
37.00142,-122.05446
37.00047,-122.05482
37.00135,-122.05526
37.00041,-122.05475
37.00209,-122.05426
37.00052,-122.05481
37.00045,-122.05481
37.00047,-122.0546
37.00071,-122.05525
37.00223,-122.0544
37.00045,-122.0556
37.00224,-122.05413
37.00095,-122.05375
37.00112,-122.05456
37.00209,-122.05415
37.00225,-122.05345
37.00096,-122.05395
37.00146,-122.05517
37.0011,-122.05428
37.00107,-122.05527
37.00116,-122.05429
37.00041,-122.05463
37.00039,-122.05565
37.00053,-122.05466
37.00071,-122.05578
37.00103,-122.05525
37.00213,-122.05524
37.00124,-122.05446
37.00095,-122.05568
37.0008,-122.05377
37.00142,-122.05547
37.00226,-122.05514
37.00217,-122.0555
37.00182,-122.05534
37.00098,-122.05523
37.00014,-122.05615
37.00005,-122.05566
37.00114,-122.05428
37.00115,-122.05429
37.00229,-122.05503
37.00217,-122.05456
37.00154,-122.05489
37.00215,-122.0549
37.00215,-122.05573
37.00046,-122.05459
37.00036,-122.05566
37.00096,-122.05377
37.00014,-122.0557
37.00203,-122.05528
37.00122,-122.05448
37.00218,-122.05456
37.00228,-122.05509
37.00082,-122.05375
37.00023,-122.05571
37.00211,-122.0532
37.00081,-122.05376
37.00021,-122.05572
37.00097,-122.05391
37.00211,-122.05333
37.00029,-122.05603
37.00049,-122.05461
37.00218,-122.05508
37.00122,-122.05535
37.00059,-122.05544
37.00041,-122.05472
37.00041,-122.05465
37.00228,-122.05495
37.00098,-122.05566
37.00054,-122.05469
37.00081,-122.05399
37.00092,-122.05374
37.0003,-122.05569
37.00216,-122.05436
37.00146,-122.05451
37.00028,-122.0557
37.00107,-122.05456
37.00211,-122.05323
37.00151,-122.05468
37.00224,-122.05462
37.00219,-122.05536
37.00008,-122.05568
37.0008355,-122.0539806
37.00041,-122.05563
37.0022,-122.0553
36.99982,-122.05538
37.00106,-122.05455
37.0014,-122.05444
37.0021,-122.05428
37.00199,-122.05529
37.00097,-122.05393
37.00054,-122.05471
37.00083,-122.05414
37.00088,-122.05517
37.00061,-122.05583
37.00177,-122.05535
37.0021,-122.05526
37.00138,-122.05442
37.00192,-122.05531
37.00093,-122.05374
37.0005,-122.05555
37.00012,-122.0557
37.00149,-122.05513
37.00007,-122.05567
37.00104,-122.05526
37.0005,-122.05462
37.00197,-122.0553
37.00216,-122.05457
37.00217,-122.05367
37.00112,-122.05427
37.00042,-122.0546
37.00106,-122.05563
37.00047,-122.05558
37.00057,-122.05547
36.99998,-122.05626
37.00213,-122.05465
37.00151,-122.05466
37.00052,-122.05464
37.00095,-122.05396
37.00041,-122.05461
37.00019,-122.05571
37.00153,-122.055
37.00209,-122.05424
37.00068,-122.0553
36.9998175,-122.055379
37.00149,-122.05512
37.00108,-122.05456
37.00095,-122.05376
37.00211,-122.05431
37.00131,-122.05441
37.00093,-122.05433
37.00098,-122.05438
37.00154,-122.0549
37.00049,-122.05482
37.00151,-122.05509
37.00149,-122.05458
37.00109,-122.05457
37.00083,-122.05374
37.00082,-122.05407
37.00041,-122.05464
37.0008365,-122.0539804
37.0008,-122.05378
37.00225,-122.05383
37.00152,-122.05505
36.9999828,-122.0562632
37.00053,-122.05478
37.00026,-122.05571
37.00111,-122.05427
37.00042,-122.05477
37.00054,-122.05475
37.00069,-122.05528
37.00154,-122.05495
37.00114,-122.05529
37.0009,-122.05428
37.00133,-122.05528
37.00144,-122.05448
37.00094,-122.05374
37.00041,-122.05468
37.0022,-122.05519
37.00065,-122.05498
37.00154,-122.05482
37.0001,-122.05569
36.99994,-122.05554
37.00043,-122.05593
37.00077,-122.05511
37.00128,-122.05443
37.00211,-122.05368
37.00087,-122.05424
37.00051,-122.05463
37.00225,-122.05367
37.00109,-122.05428
37.00027,-122.05571
37.00003,-122.05564
37.00195,-122.05531
37.00135,-122.05441
36.99989,-122.05547
37.0018,-122.05535
37.00043,-122.05561
37.00128,-122.05552
37.00214,-122.0546
37.00215,-122.05459
37.00213,-122.05462
37.00043,-122.0546
37.00132,-122.05441
37.00016,-122.05571
37.00043,-122.05479
37.00061,-122.05541
37.00108,-122.05457
37.00045,-122.05592
37.00084,-122.05398
37.0008,-122.05379
37.00056,-122.05548
37.00213,-122.05468
37.00015,-122.05491
37.000228,-122.0552185
36.99999,-122.05459
37.00001,-122.05456
36.99955,-122.05405
37.00005,-122.05462
36.99962,-122.0538
37.00018,-122.05519
37.00012,-122.05463
36.99995,-122.05448
37,-122.05457
37.00007,-122.05462
36.99999,-122.05452
36.99955,-122.05409
36.99988,-122.05399
36.99999,-122.0546
36.9999,-122.0541
37.0002,-122.05519
37.00022,-122.05521
36.99966,-122.0538
36.99977,-122.05383
36.99976,-122.05382
37,-122.05456
37.00018,-122.05463
37.00006,-122.05501
36.99988,-122.05407
37.00017,-122.05482
36.99988,-122.05406
37.00004,-122.05461
36.99998,-122.0545
37.00011,-122.05492
36.99955,-122.05388
36.99994,-122.05422
37.00013,-122.05491
37.00007,-122.05524
37.00017,-122.05489
36.99994,-122.05443
37.00011,-122.05521
36.99999,-122.05458
36.99992,-122.05414
36.99994,-122.05419
37.00016,-122.05519
37.00013,-122.05519
36.9998908,-122.054927
37,-122.05461
36.9999,-122.05388
37.00003,-122.05462
37.00003,-122.05461
36.99995,-122.05447
36.99999,-122.05457
36.99999,-122.05461
36.9999,-122.05493
37.00001,-122.05462
37.00016,-122.0549
36.99957,-122.05382
36.99955,-122.05395
37.00006,-122.05492
36.99979,-122.05385
36.99996,-122.05448
37,-122.05454
37,-122.05462
37.00023,-122.05522
36.99972,-122.05381
36.99989,-122.05493
36.99956,-122.05383
36.99994,-122.05445
36.9995495,-122.054087
36.99987,-122.05399
36.99989,-122.05409
36.99997,-122.05449
36.99998,-122.05451
37.00002,-122.05462
37.00017,-122.05487
37.00008,-122.05462
36.99983,-122.05392
36.99958,-122.05381
36.99994,-122.05417
36.99986,-122.05398
36.99948,-122.05863
36.99986,-122.05824
36.99938,-122.05865
36.99935,-122.05865
36.99937,-122.05793
36.99917,-122.05842
36.9992,-122.0585
36.99941,-122.05865
36.99974,-122.05858
36.99921,-122.05853
36.9992,-122.05817
36.99917,-122.05836
36.99924,-122.05806
36.99928,-122.058
36.99989,-122.05809
36.9994,-122.05792
36.99983,-122.05838
36.99929,-122.05862
36.99983,-122.05843
36.99991,-122.05797
36.99947,-122.05792
36.99932,-122.05863
36.99918,-122.05829
36.99919,-122.05848
36.99936,-122.05794
36.99973,-122.05795
36.99955,-122.05861
36.99931,-122.05796
36.99924,-122.05807
36.99918,-122.05827
36.99918,-122.05828
36.99925,-122.05858
36.99919,-122.05849
36.99479,-122.05159
36.99673,-122.05258
36.99325,-122.05393
36.99583,-122.05134
36.99529,-122.05291
36.99368,-122.05448
36.99654,-122.05299
36.99331,-122.05397
36.99639,-122.05363
36.99634,-122.0537
36.99299,-122.05208
36.99577,-122.05137
36.99568,-122.05151
36.99567,-122.05158
36.99348,-122.0548
36.99516,-122.05334
36.99529,-122.05339
36.99586,-122.05197
36.99532,-122.05341
36.99355,-122.05531
36.99454,-122.05408
36.9937,-122.0515
36.99517,-122.05265
36.99649,-122.05168
36.99637,-122.05367
36.99283,-122.05255
36.99656,-122.05293
36.99569,-122.05187
36.99483,-122.05197
36.99349,-122.05189
36.99339,-122.05422
36.99364,-122.05407
36.9935,-122.05188
36.99389,-122.05395
36.9929,-122.05266
36.99529,-122.05306
36.99646,-122.05169
36.99673,-122.05221
36.99409,-122.05384
36.99342,-122.05406
36.99316,-122.05359
36.99575,-122.05196
36.99304,-122.05291
36.99358,-122.05163
36.99591,-122.05132
36.99664,-122.05168
36.99524,-122.05336
36.99311,-122.05205
36.99631,-122.05172
36.99507,-122.05249
36.99646,-122.05346
36.99566,-122.05165
36.99566,-122.05171
36.99381,-122.05406
36.99357,-122.05398
36.99596,-122.05131
36.99433,-122.0537
36.99478,-122.05158
36.99279,-122.05237
36.99282,-122.05222
36.99673,-122.05204
36.99653,-122.05313
36.99527,-122.05311
36.99672,-122.05263
36.99656,-122.05168
36.99662,-122.05282
36.9952,-122.05335
36.99378,-122.05149
36.99497,-122.05233
36.99598,-122.05132
36.99669,-122.05271
36.99568,-122.05374
36.99497,-122.05337
36.99529,-122.05304
36.99569,-122.05147
36.99338,-122.05418
36.99476,-122.05155
36.99548,-122.05364
36.99526,-122.05281
36.99384,-122.05404
36.99479,-122.0516
36.9935501,-122.05531
36.99477,-122.05156
36.99658,-122.05289
36.99638,-122.05366
36.99543,-122.05358
36.99505,-122.05368
36.99479,-122.05162
36.99559,-122.05369
36.99603,-122.05132
36.99493,-122.05225
36.99666,-122.05276
36.99355,-122.05175
36.99668,-122.05168
36.99304,-122.0529
36.993,-122.0528
36.99453,-122.05358
36.9935,-122.05493
36.99366,-122.05422
36.99674,-122.05188
36.9953,-122.05294
36.99502,-122.0533
36.99595,-122.05191
36.99328,-122.05396
36.99376,-122.05406
36.99305,-122.05207
36.99352,-122.05508
36.99579,-122.05201
36.99539,-122.05352
36.99654,-122.05302
36.99326,-122.05395
36.99485,-122.05207
36.9966,-122.05284
36.99293,-122.05211
36.99341,-122.05438
36.9948,-122.05172
36.99283,-122.05254
36.99671,-122.05267
36.99673,-122.05251
36.99583,-122.05199
36.99459,-122.05358
36.9953,-122.053
36.9928,-122.05229
36.99611,-122.0518
36.99574,-122.05139
36.9958,-122.05203
36.99546,-122.05361
36.99336,-122.05199
36.99323,-122.05392
36.99345,-122.05194
36.99543,-122.05359
36.99288,-122.05214
36.99674,-122.05194
36.99552,-122.05366
36.99593,-122.05383
36.99653,-122.05306
36.9945441,-122.0536091
36.99311,-122.05323
36.99352,-122.05184
36.99622,-122.05383
36.99369,-122.05454
36.99492,-122.05224
36.99644,-122.05353
36.99591,-122.05194
36.99652,-122.05323
36.99483,-122.05202
36.99651,-122.05324
36.99535,-122.05346
36.99568,-122.05182
36.99478,-122.05156
36.99339,-122.05415
36.99322,-122.05389
36.99285,-122.05218
36.99576,-122.05376
36.99585,-122.0538
36.99579,-122.05136
36.99344,-122.05458
36.99605,-122.05184
36.99487,-122.05214
36.99571,-122.05143
36.9967841,-122.0516167
36.99509,-122.05334
36.99578,-122.05199
36.99329,-122.05201
36.99341,-122.05197
36.99615,-122.05138
36.99381,-122.05398
36.99427,-122.05152
36.99678,-122.05162
36.9949,-122.05219
36.99454,-122.05438
36.99445,-122.05153
36.99572,-122.05191
36.99568,-122.05153
36.99653,-122.05318
36.99307,-122.05303
36.99508,-122.05334
36.99675,-122.05174
36.99454,-122.05361
36.99521,-122.05318
36.99345,-122.05459
36.9945406,-122.0543757
36.99567,-122.05177
36.99676,-122.05169
36.99309,-122.05314
36.9928,-122.05248
36.99322,-122.05203
36.99362,-122.05156
36.99672,-122.05264
36.99542,-122.05356
36.99375,-122.05399
36.99366,-122.05152
36.99437,-122.05152
36.9937,-122.05459
36.99334,-122.05397
36.9932,-122.05384
36.99523,-122.05275
36.99527,-122.05337
36.99515,-122.05334
36.99673,-122.05217
36.99481,-122.05182
36.99503,-122.05242
36.99385,-122.05396
36.99648,-122.05339
36.99528,-122.05287
36.9934,-122.05412
36.99622,-122.05174
36.9958,-122.05135
36.9977,-122.05232
36.99692,-122.05125
36.99835,-122.05196
36.99795,-122.05151
36.99802,-122.05197
36.99783,-122.05199
36.99828,-122.0527
36.99858,-122.05193
36.99831,-122.05134
36.99795,-122.05154
36.9979,-122.051
36.99801,-122.05197
36.99838,-122.05331
36.99684,-122.0514
36.99836,-122.05306
36.99827,-122.05266
36.99689,-122.05131
36.9984,-122.05425
36.9983,-122.05276
36.99795,-122.05135
36.99841,-122.05425
36.99703,-122.05105
36.9969,-122.0513
36.99768,-122.05244
36.99789,-122.05194
36.99795,-122.05166
36.99792,-122.05111
36.99818,-122.05396
36.99773,-122.05217
36.99779,-122.05204
36.99737,-122.05078
36.99826,-122.05414
36.99769,-122.05238
36.99798,-122.05197
36.9985763,-122.0542602
36.99794,-122.05176
36.99793,-122.05117
36.99792,-122.05114
36.9981,-122.05382
36.99767,-122.05253
36.99773,-122.05222
36.99717,-122.05088
36.99792,-122.05196
36.99825,-122.05179
36.99771,-122.05076
36.99813,-122.05387
36.99792,-122.05112
36.99775,-122.05079
36.99823,-122.05244
36.99767,-122.05299
36.99832,-122.05421
36.99822,-122.05243
36.99731,-122.0508
36.99773,-122.05319
36.99765,-122.05074
36.99832,-122.05288
36.99773,-122.05077
36.99785,-122.0509
36.99709,-122.05095
36.9983,-122.05154
36.99781,-122.052
36.99803,-122.05197
36.9985806,-122.0519254
36.99811,-122.05197
36.99708,-122.05097
36.99793,-122.05182
36.99724,-122.05084
36.99807,-122.05379
36.99774,-122.05327
36.99821,-122.05404
36.99858,-122.05426
36.99781,-122.05354
36.99764,-122.05272
36.99834,-122.05296
36.99829,-122.05157
36.99836,-122.05424
36.99807,-122.05197
36.99788,-122.05196
36.99691,-122.05128
36.99826,-122.05262
36.99697,-122.05115
36.99795,-122.05133
36.99698,-122.05112
36.99778,-122.05208
36.99836,-122.0531
36.99794,-122.05123
36.9984,-122.05195
36.99764,-122.05293
36.99788,-122.05359
36.99765,-122.05264
36.99754,-122.05073
36.99829,-122.05419
36.99748,-122.05075
36.99819,-122.05197
36.99822,-122.05242
36.99759,-122.05073
36.99783,-122.05355
36.99824,-122.05254
36.99785,-122.05198
36.99681,-122.05151
36.99774,-122.05215
36.99918,-122.05299
36.99959,-122.05289
36.99961,-122.05289
36.99933,-122.05253
36.99951,-122.05165
36.99957,-122.05257
36.99962,-122.05288
36.99949,-122.05283
36.99965,-122.05283
36.99934,-122.05252
36.99949,-122.05224
36.99897,-122.05327
36.9996,-122.05212
36.99962,-122.05264
36.99986,-122.05161
36.99973,-122.05209
36.99987,-122.05164
36.99988,-122.05168
36.99887,-122.05334
36.99876,-122.05339
36.9993,-122.05265
36.99948,-122.05276
36.9997,-122.05211
36.99963,-122.05286
36.99962,-122.05113
36.9998,-122.05089
36.99931,-122.0526
36.99919,-122.05297
36.99959,-122.05239
36.99893,-122.0533
36.99956,-122.05223
36.99954,-122.0526
36.9992,-122.05293
36.99942,-122.05231
36.99956,-122.05195
36.99974,-122.0514
36.99945,-122.05227
36.9995,-122.05166
36.9996,-122.05258
36.99979,-122.0512
36.99922,-122.05286
36.99978,-122.05155
36.9996,-122.0516
36.9991,-122.05313
36.9986402,-122.053415
36.99956,-122.05258
36.99989,-122.05171
36.99952,-122.05289
36.9997966,-122.0508936
36.99933,-122.05255
36.99869,-122.0534
36.99961,-122.0526
36.99939,-122.05238
36.9996,-122.05259
36.9995,-122.05172
36.99952,-122.05163
36.99933,-122.05254
36.99958,-122.05289
36.99958,-122.05231
36.99958,-122.05256
36.99919,-122.05295
36.99977,-122.05131
36.99951,-122.05163
36.99905,-122.05319
36.99964,-122.05278
36.99974,-122.05208
36.99971,-122.05133
36.99989,-122.05173
36.9995,-122.05287
36.99912,-122.0531
36.99932,-122.05257
36.99953,-122.05289
36.99864,-122.05342
36.99979,-122.05126
36.99951,-122.05174
36.99985,-122.05159
36.99868,-122.0534
36.99983,-122.05158
36.99976,-122.05204
36.99963,-122.05287
36.99902,-122.05323
36.99948,-122.05279
36.99916,-122.05302
36.99949,-122.05272
36.99956,-122.05289
36.99989,-122.05175
36.9995,-122.05286
36.99955,-122.05259
36.99984,-122.05185
36.9995,-122.05169
36.99953,-122.05162
36.99881,-122.05337
36.99979,-122.05112
36.99972,-122.0521
36.99954,-122.05162
36.99926,-122.05275
36.99086,-122.05133
36.99171,-122.05385
36.99097,-122.05209
36.9918,-122.05467
36.99072,-122.05149
36.99069,-122.05125
36.99101,-122.05466
36.99069,-122.05127
36.99078,-122.05097
36.99318,-122.05401
36.99169,-122.05473
36.99288,-122.05395
36.9911,-122.05366
36.99078,-122.053
36.99172,-122.05473
36.99075,-122.05164
36.9918,-122.05464
36.99076,-122.05171
36.99293,-122.05395
36.99324,-122.05402
36.99179,-122.05469
36.99177,-122.05382
36.99148,-122.05429
36.99069,-122.05222
36.99037,-122.05141
36.99097,-122.0521
36.99063,-122.0519
36.99118,-122.05272
36.9918,-122.05466
36.99077,-122.05317
36.99091,-122.05168
36.99056,-122.05249
36.99082,-122.05101
36.99163,-122.05469
36.99167,-122.05472
36.99313,-122.054
36.99252,-122.05388
36.99054,-122.05143
36.99103,-122.05411
36.99178,-122.05459
36.99238,-122.05386
36.99062,-122.05275
36.993424,-122.0540628
36.99325,-122.05402
36.9908,-122.05193
36.99065,-122.052
36.99137,-122.05335
36.99033,-122.05117
36.99039,-122.05109
36.99154,-122.05393
36.99179,-122.05468
36.99047,-122.05106
36.99072,-122.05304
36.99103,-122.05443
36.99092,-122.05368
36.99155,-122.0545
36.99082,-122.05102
36.99037,-122.05142
36.99174,-122.05472
36.9909,-122.05163
36.99081,-122.05098
36.9910076,-122.0546631
36.99191,-122.05377
36.99116,-122.05385
36.99052,-122.05134
36.99167,-122.05429
36.99101,-122.05401
36.99105,-122.05418
36.9906,-122.05226
36.99056,-122.05156
36.99066,-122.05101
36.99188,-122.05378
36.99103,-122.05444
36.99063,-122.05276
36.99123,-122.05409
36.99204,-122.05376
36.99052,-122.05229
36.9909716,-122.0520953
36.99306,-122.05398
36.99174,-122.05447
36.99103,-122.05445
36.99131,-122.05314
36.99033,-122.05114
36.99085,-122.05123
36.99082,-122.05099
36.99034,-122.05112
36.99331,-122.05404
36.99309,-122.05399
36.99114,-122.05316
36.9908,-122.05097
36.9908,-122.05098
36.99098,-122.05324
36.99179,-122.05463
36.99106,-122.0523
36.99165,-122.05471
36.99089,-122.05357
36.99177,-122.0547
36.99103,-122.0522
36.99085,-122.05215
36.991,-122.05208
36.99065,-122.05285
36.99095,-122.05253
36.99119,-122.05276
36.99091,-122.05301
36.99036,-122.05111
36.99328,-122.05403
36.99161,-122.05464
36.99138,-122.05401
36.99095,-122.05379
36.99041,-122.05163
36.99618,-122.06151
36.9967,-122.06222
36.99712,-122.06244
36.99836,-122.06273
36.99912,-122.062
36.99506,-122.06148
36.99766,-122.06246
36.9992,-122.06217
36.99474,-122.06149
36.99774,-122.06203
36.9984,-122.06267
36.99781,-122.06272
36.99627,-122.06165
36.99423,-122.06344
36.99923,-122.06228
36.9987,-122.06203
36.99831,-122.06277
36.99788,-122.06276
36.99615,-122.06148
36.99643,-122.06195
36.99438,-122.06144
36.99598,-122.06135
36.99389,-122.06159
36.99786,-122.06276
36.99397,-122.06264
36.99402,-122.0627
36.99827,-122.06279
36.99772,-122.06263
36.99393,-122.06151
36.9938,-122.06254
36.99653,-122.06211
36.99915,-122.06205
36.99648,-122.06204
36.9953,-122.06141
36.99491,-122.06149
36.998,-122.0628
36.99564,-122.06135
36.99407,-122.06142
36.99689,-122.06235
36.99411,-122.06283
36.9961,-122.06143
36.99771,-122.06261
36.99762,-122.0619
36.99422,-122.06326
36.99382,-122.06215
36.99777,-122.06193
36.99702,-122.06243
36.99453,-122.06146
36.99528,-122.06142
36.99381,-122.0622
36.99883,-122.06194
36.99938,-122.06275
36.99769,-122.06257
36.99394,-122.06149
36.99569,-122.06135
36.9982,-122.06281
36.99875,-122.06198
36.99848,-122.06252
36.99766,-122.06245
36.99753,-122.06196
36.99815,-122.06282
36.99943,-122.0629
36.99619,-122.06152
36.99407,-122.06277
36.99606,-122.0614
36.9996324,-122.06304
36.99747,-122.06205
36.99878,-122.06196
36.99722,-122.0624
36.99894,-122.06192
36.99604,-122.06138
36.99385,-122.06256
36.99765,-122.06234
36.99379,-122.06228
36.99846,-122.06255
36.99404,-122.06142
36.99388,-122.06163
36.99412,-122.06142
36.99654,-122.06212
36.99385,-122.06175
36.99917,-122.06209
36.99625,-122.06162
36.99923,-122.06227
36.9972,-122.06241
36.99581,-122.06134
36.99838,-122.06271
36.99384,-122.06185
36.99418,-122.06304
36.99785,-122.06275
36.99794,-122.06279
36.9942345,-122.0634355
36.9942,-122.06142
36.99896,-122.06192
36.99686,-122.06233
36.99738,-122.06221
36.9941,-122.06281
36.99385,-122.06172
36.99947,-122.06295
36.99411,-122.06284
36.99383,-122.06207
36.99963,-122.06304
36.99784,-122.06274
36.9965,-122.06208
36.99545,-122.06138
36.99859,-122.06223
36.99373,-122.06251
36.99701,-122.06242
36.99852,-122.06241
36.99716,-122.06243
36.99767,-122.06224
36.99705,-122.06244
36.99911,-122.062
36.99497,-122.06149
36.99931,-122.06254
36.99384,-122.06197
36.99754,-122.06196
36.99766,-122.06228
36.99416,-122.06296
36.99675,-122.06225
36.99709,-122.06245
36.99391,-122.06154
36.9942,-122.06312
36.99756,-122.06193
36.99731,-122.0623
36.99591,-122.06133
36.99765,-122.06239
36.99404,-122.06273
36.99727,-122.06235
36.99639,-122.06186
36.9985207,-122.0624092
36.99861,-122.06218
36.99742,-122.06213
36.99808,-122.06282
36.99898,-122.06193
36.99771,-122.06192
36.99393,-122.06261
36.9993,-122.06248
36.99519,-122.06144
36.99422,-122.06327
36.99767,-122.06251
36.9951,-122.06146
36.99922,-122.06224
36.99587,-122.06133
36.99385,-122.0618
36.99385,-122.06171
36.99888,-122.06192
36.99401,-122.06144
36.99905,-122.06195
36.99538,-122.05724
36.99882,-122.05577
36.99776,-122.05578
36.99629,-122.05852
36.99481,-122.06009
36.99536,-122.05726
36.99647,-122.06153
36.9935,-122.06238
36.99907,-122.0564
36.99501,-122.05736
36.99658,-122.06184
36.99786,-122.05576
36.99909,-122.05603
36.99633,-122.05869
36.99699,-122.05799
36.99462,-122.05725
36.99695,-122.05741
36.99562,-122.05726
36.99498,-122.06023
36.99905,-122.05597
36.99261,-122.06071
36.99895,-122.05667
36.9985051,-122.0624503
36.99557,-122.06
36.99588,-122.05977
36.99776,-122.05717
36.99575,-122.05743
36.99678,-122.0616
36.99354,-122.06087
36.99474,-122.05999
36.99422,-122.05979
36.99443,-122.05734
36.99429,-122.05714
36.99724,-122.05605
36.9962,-122.05803
36.99521,-122.06027
36.99725,-122.05707
36.99898,-122.05594
36.99644,-122.06154
36.99892,-122.05688
36.9976,-122.05576
36.99695,-122.0611
36.99498,-122.06024
36.99894,-122.05592
36.998,-122.05718
36.99351,-122.06046
36.99441,-122.05971
36.99625,-122.05812
36.99363,-122.0615
36.99631,-122.05957
36.99638,-122.06157
36.99633,-122.05908
36.99617,-122.05965
36.9989,-122.05695
36.99649,-122.05982
36.9988,-122.05764
36.99897,-122.05661
36.99751,-122.05554
36.99432,-122.0573
36.9966,-122.06047
36.9954,-122.05722
36.99518,-122.0603
36.99719,-122.0553
36.99357,-122.06029
36.99342,-122.06229
36.99497,-122.05712
36.99881,-122.05747
36.99546,-122.06008
36.99749,-122.0557
36.99664,-122.06175
36.99682,-122.06073
36.99703,-122.05784
36.99754,-122.05565
36.99362,-122.06246
36.99429,-122.05716
36.99699,-122.06153
36.99876,-122.05788
36.99342,-122.06187
36.99669,-122.05836
36.99891,-122.05591
36.99632,-122.05899
36.99435,-122.05733
36.99697,-122.06137
36.9988,-122.05727
36.99354,-122.06036
36.99285,-122.06107
36.99752,-122.05567
36.99367,-122.06175
36.99659,-122.06158
36.99542,-122.06011
36.99639,-122.05884
36.99565,-122.05728
36.99657,-122.06156
36.99376,-122.06206
36.99369,-122.06172
36.99831,-122.05557
36.99652,-122.05954
36.99886,-122.05585
36.99724,-122.0557
36.99492,-122.05714
36.99541,-122.05719
36.99334,-122.06096
36.99258,-122.06057
36.99265,-122.0608
36.99636,-122.05922
36.99757,-122.05711
36.99486,-122.05735
36.99647,-122.0592
36.99357,-122.06214
36.99369,-122.06173
36.9936,-122.06141
36.99501,-122.06025
36.99699,-122.05759
36.99344,-122.0614
36.99514,-122.05733
36.99725,-122.05653
36.99742,-122.05571
36.99679,-122.06068
36.99563,-122.05996
36.99702,-122.05768
36.99695,-122.06114
36.99343,-122.0619
36.99648,-122.06005
36.99338,-122.061
36.99515,-122.06031
36.99796,-122.05572
36.99564,-122.05726
36.9934,-122.06104
36.99578,-122.05984
36.99433,-122.05709
36.99341,-122.06129
36.99664,-122.06178
36.99902,-122.0565
36.99469,-122.05718
36.99753,-122.05572
36.99481,-122.05719
36.99367,-122.06159
36.99456,-122.0598
36.99771,-122.05579
36.99632,-122.05857
36.99361,-122.06023
36.99258,-122.06059
36.99355,-122.06099
36.99879,-122.05572
36.99851,-122.06245
36.99894,-122.05673
36.99605,-122.05769
36.99702,-122.06163
36.99308,-122.06147
36.99693,-122.06161
36.99333,-122.06215
36.9957,-122.0599
36.99656,-122.05854
36.99816,-122.05564
36.99537,-122.05709
36.99483,-122.05726
36.99636,-122.05888
36.99873,-122.05565
36.99359,-122.06027
36.99633,-122.05895
36.99724,-122.05597
36.99888,-122.05589
36.99524,-122.0573
36.99716,-122.05681
36.99657,-122.05852
36.99487,-122.05737
36.99638,-122.0594
36.99638,-122.05935
36.99458,-122.05706
36.99364,-122.06221
36.99514,-122.06031
36.99524,-122.06023
36.99554,-122.06003
36.99498,-122.05711
36.99356,-122.06125
36.99753,-122.05556
36.99842,-122.05555
36.99889,-122.0559
36.99355,-122.06116
36.99628,-122.05848
36.99356,-122.06092
36.9965,-122.05864
36.99666,-122.0584
36.99773,-122.05717
36.99879,-122.05775
36.9933,-122.06147
36.99671,-122.05833
36.99439,-122.05734
36.9972,-122.05671
36.99353,-122.06085
36.99573,-122.05988
36.99569,-122.05741
36.99283,-122.06104
36.99367,-122.06222
36.99483,-122.06011
36.99866,-122.05794
36.99893,-122.0568
36.99726,-122.05707
36.99695,-122.05805
36.99535,-122.05726
36.99645,-122.06185
36.99868,-122.05786
36.99393,-122.05994
36.99565,-122.05727
36.9934,-122.06124
36.99634,-122.05912
36.99649,-122.05976
36.99744,-122.05708
36.99564,-122.05727
36.9954,-122.05721
36.99605,-122.05969
36.99429,-122.05724
36.9988,-122.05721
36.9925324,-122.0603791
36.99366,-122.06248
36.99884,-122.0571
36.99469,-122.05993
36.99516,-122.05706
36.99762,-122.05712
36.99637,-122.05924
36.99655,-122.06155
36.99703,-122.05785
36.99724,-122.05659
36.99657,-122.06041
36.99625,-122.05825
36.99649,-122.05874
36.99909,-122.05625
36.9966,-122.06159
36.99694,-122.05736
36.99375,-122.06006
36.9943,-122.05712
36.99536,-122.06014
36.9991,-122.05606
36.99426,-122.05977
36.99257,-122.06055
36.99696,-122.06126
36.99625,-122.05842
36.99633,-122.05867
36.99543,-122.05731
36.99295,-122.06121
36.99369,-122.06166
36.99652,-122.0596
36.9991,-122.05613
36.99341,-122.06082
36.99627,-122.05961
36.99664,-122.06179
36.99724,-122.05565
36.99906,-122.05644
36.99702,-122.05791
36.99571,-122.05744
36.9991,-122.05609
36.99255,-122.06044
36.9943,-122.05728
36.99755,-122.05561
36.99431,-122.0571
36.99695,-122.05742
36.99625,-122.0583
36.99428,-122.05719
36.99849,-122.05556
36.99339,-122.06225
36.99893,-122.05686
36.9965,-122.05931
36.99662,-122.06164
36.9957,-122.05743
36.99341,-122.06109
36.99342,-122.06135
36.99339,-122.06102
36.99648,-122.06185
36.99694,-122.05732
36.99768,-122.05716
36.99694,-122.06103
36.99595,-122.05744
36.9947,-122.05994
36.99869,-122.05786
36.997,-122.06158
36.99641,-122.05907
36.99728,-122.05708
36.99805,-122.05569
36.99889,-122.05699
36.99755,-122.05562
36.99437,-122.05733
36.99638,-122.05944
36.99328,-122.062
36.99708,-122.05701
36.99891,-122.05692
36.99441,-122.05705
36.99256,-122.06048
36.99319,-122.06173
36.99633,-122.05905
36.99351,-122.06205
36.99904,-122.05646
36.99259,-122.06063
36.99636,-122.05918
36.9937,-122.06171
36.99532,-122.05727
36.9947,-122.05995
36.99726,-122.05627
36.99752,-122.05709
36.99369,-122.06174
36.99573,-122.05744
36.99593,-122.05738
36.99355,-122.06241
36.9952,-122.06028
36.99363,-122.06194
36.99703,-122.06164
36.99663,-122.06167
36.99428,-122.05717
36.99253,-122.06038
36.99664,-122.06169
36.99524,-122.05705
36.99511,-122.0603
36.9946,-122.05708
36.9965,-122.06153
36.99698,-122.05722
36.99754,-122.05563
36.9961,-122.05782
36.99641,-122.06185
36.99649,-122.05868
36.99721,-122.05541
36.99722,-122.05547
36.99482,-122.05724
36.99254,-122.0604
36.99271,-122.06088
36.99507,-122.05708
36.99636,-122.05897
36.99497,-122.06023
36.99691,-122.06092
36.99773,-122.05579
36.99662,-122.06182
36.99433,-122.05731
36.99343,-122.06074
36.9987,-122.05786
36.99648,-122.05994
36.99635,-122.05952
36.99746,-122.05571
36.99652,-122.05938
36.99457,-122.05729
36.99558,-122.05999
36.99695,-122.05728
36.99632,-122.05902
36.99881,-122.05752
36.99533,-122.05708
36.99684,-122.06076
36.99367,-122.06014
36.99336,-122.06221
36.99751,-122.05569
36.99649,-122.05975
36.99563,-122.05726
36.99505,-122.06028
36.99765,-122.05578
36.9968,-122.06159
36.99614,-122.0579
36.99727,-122.05635
36.99383,-122.05999
36.99652,-122.05941
36.99634,-122.05892
36.99862,-122.05561
36.99652,-122.06029
36.99638,-122.05946
36.99761,-122.05712
36.997,-122.05762
36.99449,-122.05704
36.99881,-122.05737
36.99633,-122.05897
36.99457,-122.05705
36.99626,-122.05961
36.99561,-122.05726
36.99322,-122.06109
36.99525,-122.0602
36.99649,-122.06012
36.99357,-122.06182
36.99877,-122.05788
36.99704,-122.05711
36.99372,-122.06203
36.99412,-122.05984
36.99856,-122.05559
36.99547,-122.05732
36.99323,-122.06185
36.99346,-122.06196
36.99651,-122.05962
36.99497,-122.05737
36.99367,-122.06199
36.99743,-122.05571
36.99877,-122.05787
36.99449,-122.05733
36.99869,-122.05563
36.99688,-122.0616
36.99504,-122.05736
36.99313,-122.06156
36.99455,-122.05704
36.99542,-122.05712
36.99428,-122.05722
36.99898,-122.05656
36.99756,-122.05575
36.99652,-122.0595
36.99669,-122.06058
36.99697,-122.06164
36.99694,-122.05806
36.99656,-122.06185
36.9949,-122.05738
36.99682,-122.0582
36.99908,-122.05601
36.99895,-122.05666
36.99881,-122.05719
36.9952,-122.05705
36.99908,-122.05636
36.99349,-122.06051
36.997,-122.06159
36.99696,-122.05804
36.99368,-122.06174
36.99355,-122.06088
36.99357,-122.06133
36.99443,-122.05704
36.99907,-122.05599
36.9937,-122.06169
36.99355,-122.06108
36.99489,-122.06015
36.99725,-122.05625
36.9988,-122.0573
36.99874,-122.05566
36.997,-122.06164
36.99686,-122.05815
36.99754,-122.05558
36.99353,-122.06209
36.99648,-122.05998
36.99356,-122.0609
36.99834,-122.05556
36.99569,-122.05743
36.99753,-122.05555
36.99299,-122.06128
36.99726,-122.0565
36.99492,-122.05738
36.99633,-122.05861
36.99693,-122.05808
36.9926,-122.06067
36.99726,-122.05643
36.99368,-122.06163
36.99589,-122.05977
36.99341,-122.06106
36.99685,-122.06078
36.99691,-122.06091
36.9953,-122.05728
36.99754,-122.05559
36.99753,-122.05567
36.99683,-122.06159
36.99643,-122.05911
36.99488,-122.05737
36.99485,-122.05733
36.9991,-122.05604
36.9954,-122.05729
36.99517,-122.06031
36.99332,-122.06152
36.99703,-122.05775
36.99461,-122.05984
36.99348,-122.06236
36.99362,-122.06149
36.99447,-122.05973
36.99652,-122.06185
36.99397,-122.05992
36.98556,-122.06037
36.98523,-122.05639
36.98539,-122.05621
36.98526,-122.06121
36.98557,-122.06032
36.98537,-122.05849
36.98553,-122.05962
36.98544,-122.06071
36.98527,-122.05692
36.98531,-122.05774
36.98557,-122.06001
36.98543,-122.05886
36.98552,-122.0605
36.98522,-122.06131
36.98556,-122.05984
36.98537,-122.06091
36.98547,-122.05621
36.98553,-122.05961
36.98532,-122.05807
36.98526,-122.05674
36.98549,-122.05937
36.98521,-122.06132
36.98522,-122.0613
36.98532,-122.0581
36.98529,-122.05739
36.98527,-122.05717
36.98529,-122.05736
36.98547,-122.05918
36.9855,-122.0594
36.98527,-122.05694
36.98526,-122.05672
36.98513,-122.06141
36.98544,-122.05621
36.98537,-122.05621
36.98517,-122.06142
36.985469,-122.0562054
36.9853,-122.0562
36.9853,-122.06112
36.98546,-122.05912
36.98534,-122.05829
36.98544,-122.05895
36.98558,-122.06028
36.98532,-122.058
36.98527,-122.05712
36.98521,-122.05621
36.9851344,-122.0614076
36.98524,-122.05656
36.98533,-122.05821
36.98555,-122.05977
36.98059,-122.05749
36.98823,-122.05638
36.99085,-122.05955
36.98034,-122.05579
36.9802,-122.05399
36.98961,-122.0588
36.98041,-122.0555
36.99039,-122.05935
36.99178,-122.06009
36.98547,-122.05608
36.98834,-122.05647
36.99018,-122.05924
36.98323,-122.05337
36.99242,-122.06026
36.98472,-122.05516
36.98036,-122.05498
36.9869,-122.05608
36.98071,-122.05765
36.98639,-122.05643
36.98112,-122.05579
36.98062,-122.05379
36.98761,-122.05703
36.98211,-122.05307
36.98113,-122.05755
36.9808,-122.0537
36.9916,-122.0599
36.98028,-122.05394
36.98127,-122.05596
36.98085,-122.05764
36.98159,-122.05673
36.99149,-122.05978
36.99215,-122.05959
36.99196,-122.06022
36.98547,-122.05577
36.98138,-122.05327
36.99038,-122.05749
36.98734,-122.05699
36.99094,-122.05858
36.98621,-122.05641
36.98589,-122.05633
36.99086,-122.05955
36.98205,-122.05305
36.98716,-122.05603
36.98553,-122.05606
36.98036,-122.05539
36.98822,-122.05637
36.98138,-122.05325
36.98671,-122.05621
36.98089,-122.05382
36.98955,-122.0571
36.99238,-122.06024
36.98066,-122.05763
36.98125,-122.05593
36.98915,-122.05834
36.99161,-122.0599
36.98151,-122.05751
36.98579,-122.05658
36.99173,-122.06004
36.99211,-122.06022
36.99224,-122.05977
36.98076,-122.05372
36.98063,-122.05433
36.98549,-122.05584
36.99135,-122.05969
36.98108,-122.05757
36.98954,-122.0571
36.99204,-122.0594
36.98072,-122.05375
36.98562,-122.05627
36.98082,-122.05391
36.9806,-122.05567
36.98367,-122.05397
36.99199,-122.05935
36.98062,-122.05757
36.98931,-122.05696
36.98166,-122.05316
36.98553,-122.05611
36.9805,-122.05725
36.9906,-122.05784
36.98573,-122.05652
36.98715,-122.05697
36.9808,-122.05394
36.99042,-122.05752
36.98184,-122.05741
36.98081,-122.05572
36.98115,-122.05755
36.98085,-122.05386
36.98024,-122.05675
36.99199,-122.06023
36.98343,-122.05364
36.98907,-122.05684
36.98937,-122.057
36.98022,-122.05664
36.98195,-122.05754
36.98177,-122.05728
36.98024,-122.05622
36.98079,-122.05397
36.9919,-122.06019
36.99067,-122.0595
36.98315,-122.05332
36.98194,-122.05304
36.98874,-122.05789
36.98355,-122.05381
36.98033,-122.05522
36.98664,-122.05627
36.98113,-122.05363
36.98267,-122.05318
36.99137,-122.0597
36.98426,-122.05481
36.99234,-122.06023
36.98116,-122.05361
36.98173,-122.05749
36.98335,-122.05352
36.98046,-122.05558
36.98873,-122.0567
36.98643,-122.05688
36.98066,-122.05428
36.98121,-122.05587
36.98091,-122.05573
36.99066,-122.05802
36.98143,-122.05327
36.98608,-122.05638
36.98144,-122.05636
36.98087,-122.05372
36.98545,-122.0557
36.98402,-122.05449
36.99111,-122.0596
36.99165,-122.05912
36.98295,-122.05323
36.9899,-122.05723
36.99203,-122.05938
36.99028,-122.05742
36.98226,-122.05311
36.99071,-122.05815
36.98938,-122.05701
36.98957,-122.05877
36.98509,-122.05542
36.98767,-122.05704
36.98188,-122.05305
36.9842,-122.05474
36.98033,-122.0551
36.98866,-122.05667
36.98303,-122.05326
36.98753,-122.05702
36.98042,-122.05565
36.98993,-122.05912
36.99018,-122.05923
36.98196,-122.05304
36.98104,-122.05576
36.98553,-122.05609
36.98893,-122.05678
36.99077,-122.05829
36.98171,-122.0575
36.98576,-122.05655
36.98585,-122.05632
36.9820169,-122.0577817
36.98787,-122.05617
36.99046,-122.05756
36.98046,-122.05716
36.98552,-122.05617
36.98985,-122.05905
36.98469,-122.05514
36.98881,-122.05797
36.99144,-122.05974
36.99231,-122.06022
36.9878,-122.05709
36.98813,-122.05727
36.99247,-122.06023
36.98808,-122.05626
36.98414,-122.05466
36.98114,-122.05362
36.98024,-122.05618
36.98583,-122.05661
36.98018,-122.054
36.98856,-122.05764
36.99088,-122.05851
36.99103,-122.05958
36.98586,-122.05664
36.98143,-122.05633
36.98861,-122.05771
36.99127,-122.05965
36.98082,-122.0537
36.98552,-122.05597
36.98568,-122.05645
36.98136,-122.05331
36.98565,-122.05641
36.99222,-122.05972
36.98173,-122.05312
36.98709,-122.05604
36.99005,-122.05731
36.98119,-122.05358
36.99224,-122.06021
36.98943,-122.05863
36.99208,-122.06023
36.99104,-122.05959
36.98971,-122.05891
36.98033,-122.05528
36.98457,-122.05506
36.98971,-122.05717
36.99168,-122.05999
36.99175,-122.05919
36.99077,-122.05953
36.98074,-122.05374
36.98584,-122.05662
36.98636,-122.05643
36.98282,-122.0532
36.98853,-122.05661
36.98967,-122.05887
36.98535,-122.0558
36.98117,-122.0536
36.98026,-122.05679
36.98067,-122.0557
36.98499,-122.05534
36.9834,-122.05359
36.99244,-122.06016
36.98616,-122.05681
36.98134,-122.05335
36.98074,-122.05571
36.98074,-122.05766
36.98735,-122.05604
36.98413,-122.05465
36.98035,-122.05537
36.98031,-122.05586
36.98848,-122.05657
36.98347,-122.0537
36.9844,-122.05493
36.9818,-122.05308
36.99189,-122.05929
36.99215,-122.05958
36.99119,-122.0588
36.98193,-122.05751
36.9893727,-122.0570038
36.9816,-122.0532
36.98074,-122.05408
36.98108,-122.05366
36.99205,-122.05941
36.98819,-122.05732
36.981,-122.05371
36.98601,-122.05674
36.98167,-122.0575
36.99155,-122.05984
36.98118,-122.05754
36.98929,-122.05849
36.98852,-122.05759
36.98056,-122.05743
36.9813,-122.05603
36.98284,-122.0532
36.98141,-122.05752
36.9817,-122.0575
36.98737,-122.05604
36.98552,-122.05615
36.98032,-122.05516
36.98717,-122.05697
36.99027,-122.05928
36.98628,-122.05685
36.98063,-122.0576
36.99052,-122.05767
36.99051,-122.05941
36.99101,-122.05865
36.9912,-122.05963
36.98756,-122.05702
36.99219,-122.06021
36.98631,-122.05686
36.9857,-122.05649
36.98873,-122.05787
36.98202,-122.05778
36.98765,-122.0561
36.98035,-122.055
36.98698,-122.05606
36.98078,-122.05371
36.98092,-122.05378
36.98895,-122.05812
36.99188,-122.06019
36.99152,-122.05981
36.99202,-122.06023
36.99215,-122.06022
36.98134,-122.05613
36.99183,-122.06014
36.99056,-122.05944
36.98833,-122.05742
36.98577,-122.05656
36.98849,-122.05755
36.98844,-122.05751
36.98191,-122.05749
36.99082,-122.05841
36.99249,-122.06032
36.98078,-122.05766
36.98131,-122.0534
36.98171,-122.05712
36.98197,-122.05758
36.9895,-122.05708
36.98594,-122.0567
36.98539,-122.05588
36.98405,-122.05455
36.98132,-122.05753
36.98771,-122.05705
36.98555,-122.05625
36.98755,-122.05607
36.98116,-122.05582
36.98644,-122.05641
36.99001,-122.05916
36.99234,-122.05996
36.98054,-122.05734
36.99208,-122.05946
36.98608,-122.05678
36.98034,-122.05503
36.99166,-122.05996
36.99138,-122.05971
36.98151,-122.05653
36.99035,-122.05932
36.98166,-122.05694
36.99113,-122.05961
36.98246,-122.05315
36.9837,-122.05401
36.98146,-122.05327
36.98016,-122.054
36.98988,-122.05723
36.98756,-122.05607
36.98038,-122.05544
36.99246,-122.06029
36.98111,-122.05364
36.98096,-122.05374
36.9807,-122.05376
36.98021,-122.05652
36.99195,-122.06022
36.98145,-122.05327
36.98442,-122.05494
36.98158,-122.05673
36.9854468,-122.0557012
36.99051,-122.05764
36.99055,-122.05771
36.98632,-122.05643
36.99235,-122.05996
36.9916,-122.05908
36.99252,-122.06035
36.99205,-122.06023
36.99068,-122.0595
36.98826,-122.0564
36.98019,-122.054
36.98905,-122.05823
36.99145,-122.05897
36.98174,-122.05719
36.98697,-122.05695
36.98504,-122.05538
36.98553,-122.05613
36.98099,-122.05574
36.98176,-122.05724
36.98099,-122.05759
36.98156,-122.05666
36.99228,-122.06021
36.99048,-122.05758
36.98926,-122.05847
36.98847,-122.05753
36.98231,-122.05312
36.98981,-122.05902
36.98025,-122.05396
36.99034,-122.05746
36.98056,-122.05566
36.9801554,-122.0540016
36.983,-122.05325
36.98611,-122.05679
36.98085,-122.0537
36.98792,-122.05714
36.98069,-122.05764
36.9905,-122.05762
36.98522,-122.05556
36.98045,-122.05713
36.98589,-122.05667
36.9855,-122.05618
36.98026,-122.05606
36.99013,-122.05735
36.9891,-122.05829
36.9916,-122.05989
36.98083,-122.05765
36.99002,-122.05917
36.98377,-122.0541
36.98053,-122.05457
36.99057,-122.05776
36.98448,-122.05499
36.99012,-122.05921
36.98072,-122.05413
36.99193,-122.06021
36.98124,-122.05591
36.98034,-122.05535
36.98062,-122.05568
36.98109,-122.05578
36.98921,-122.05691
36.98329,-122.05344
36.98205,-122.05776
36.98473,-122.05517
36.98646,-122.05688
36.9918,-122.06011
36.99525,-122.05529
36.99527,-122.05521
36.99526,-122.05528
36.99469,-122.05538
36.99471,-122.05531
36.99522,-122.05512
36.99525,-122.05514
36.9947,-122.05533
36.99527,-122.05523
36.99523,-122.05531
36.9948,-122.05524
36.99472,-122.05547
36.9947,-122.05564
36.99469,-122.05547
36.9947037,-122.0556359
36.9946874,-122.0554684
36.99523,-122.05512
36.99477,-122.05525
36.99482,-122.05523
36.99471,-122.05547
36.99527,-122.0552
36.99524,-122.05512
36.99527,-122.05525
36.9952,-122.05512
36.99527,-122.05527
36.99474,-122.05527
36.99526,-122.05516
36.99473,-122.05528
36.99516,-122.05533
36.99472,-122.0553
36.99524,-122.0553
36.98499,-122.0549
36.9863,-122.0553
36.98499,-122.05457
36.98702,-122.05548
36.98497,-122.05464
36.98855,-122.05491
36.98841,-122.05544
36.98707,-122.05548
36.9862,-122.05525
36.98769,-122.05556
36.98497,-122.05477
36.98912,-122.05552
36.98574,-122.0538
36.98894,-122.05551
36.98565,-122.054
36.98725,-122.0555
36.98596,-122.05516
36.98544,-122.0557
36.98567,-122.05396
36.98832,-122.0555
36.98509,-122.05506
36.98525,-122.05535
36.98502,-122.05496
36.9858,-122.05362
36.98554,-122.05415
36.98533,-122.05554
36.98533,-122.05555
36.98602,-122.05518
36.98619,-122.05525
36.98507,-122.05503
36.9876,-122.05554
36.98877,-122.05546
36.98552,-122.05515
36.98525,-122.05517
36.98788,-122.05558
36.98719,-122.05549
36.9852,-122.05432
36.98506,-122.05444
36.98856,-122.0554
36.98826,-122.05552
36.98545,-122.05422
36.98616,-122.05523
36.98541,-122.05515
36.98833,-122.0555
36.98499,-122.05487
36.98497,-122.0547
36.98848,-122.05537
36.98515,-122.05435
36.98682,-122.05546
36.98739,-122.05551
36.9858,-122.0536176
36.98538,-122.05562
36.98853,-122.05518
36.98761,-122.05554
36.98498,-122.05483
36.98525,-122.05533
36.98527,-122.05543
36.98636,-122.05532
36.98502,-122.05449
36.98708,-122.05548
36.98873,-122.05545
36.98867,-122.05544
36.98778,-122.05557
36.9851,-122.05438
36.98585,-122.05514
36.98536,-122.05426
36.98885,-122.0555
36.98854,-122.0554
36.98512,-122.05509
36.9891168,-122.0555205
36.98743,-122.05551
36.98689,-122.05547
36.9886,-122.05542
36.98653,-122.05539
36.98859,-122.05542
36.98661,-122.05542
36.98878,-122.05547
36.98562,-122.05404
36.98558,-122.0541
36.98814,-122.05555
36.98568,-122.05514
36.9885,-122.05529
36.988,-122.05557
36.9883,-122.0555
36.98533,-122.05516
36.98536,-122.05427
36.9857,-122.05388
